%<Barra de carga><P trifásico [kW]><cosfi (indutivo)>
cargas = [020 148 0.91
030 153 0.94
040 160 0.91
050 160 0.92
060 122 0.91
070 151 0.94
080 126 0.92
090 132 0.94
100 129 0.94
110 133 0.93
120 124 0.94
130 114 0.92
140 145 0.91
150 128 0.93
160 128 0.92
170 106 0.89
180 139 0.93
190 120 0.93
200 146 0.91
210 140 0.95
220 123 0.93
230 142 0.92
240 140 0.92
250 137 0.90
260 133 0.92
270 143 0.93
280 167 0.90
290 148 0.92
300 140 0.91
310 138 0.93
320 145 0.90
330 151 0.92
340 163 0.91
350 131 0.90
];