% Arquivo com as tensões na subestação (barra 10) para cada simulação de falta
% 	- Os primeiros cinco casos são para a rede equilibrada
% 	- Os útimos cinco casos são para a rede desequilibrada
% <número do caso><Van real [V]><Van imaginário [V]><Vbn real [V]><Vbn imaginário [V]><Vcn real [V]><Vcn imaginário [V]>
% 
Emedido = [ ... 
01 7904.44 -195.77 -4121.77 -6747.56 -3782.67 6943.33 
02 7858.40 -261.90 -4156.01 -6674.63 -3702.39 6936.53 
03 7728.53 -402.93 -4213.22 -6491.64 -3515.32 6894.57 
04 7798.87 -306.23 -4164.64 -6600.90 -3634.23 6907.13 
05 7802.79 -317.69 -4176.52 -6598.58 -3626.27 6916.26 
06 7760.16 -388.04 -4218.08 -6524.76 -3539.54 6912.88 
07 7746.29 -336.72 -4167.62 -6537.22 -3574.96 6873.27 
08 7712.86 -375.78 -4185.25 -6488.00 -3523.22 6862.78 
09 7684.52 -406.64 -4198.07 -6447.50 -3481.61 6852.88 
10 7207.01 -782.21 -4299.05 -5817.67 -2891.04 6584.71 
];